0,506
0,501
116,7
0,490
0,489
116,6
116,5
0,487
0,513
0,315
0,481
0,478
0,292
0,480
0,479
0,512
0,510
0,507
0,504
0,503
0,502
0,500
0,498
0,536
122,4
122,3
122,2
122,1
122,0
0,409
0,495
0,496
0,494
0,404
0,403
121,4
121,3
121,2
121,1
121,0
120,3
120,2
120,1
120,0
0,307
119,4
119,3
119,2
119,1
119,0
118,3
118,2
0,294
118,1
118,0
0,291
117,5
117,4
117,3
117,2
117,1
117,0
0,311
0,482
0,535
116,4
0,299
116,3
116,2
116,1
116,0
115,4
115,3
115,2
0,285
115,1
115,0
0,284
0,313
0,472
114,4
114,3
114,2
114,1
114,0
113,3
113,2
113,1
113,0
0,476
0,477
29,0
0,470
0,485
0,484
0,5
23,2
23,0
0,290
112,4
0,272
0,271
112,3
112,2
0,12
0,275
0,276
112,1
112,0
0,268
0,267
0,266
0,265
0,264
0,263
0,262
0,261
0,260
0,259
0,258
0,257
0,256
0,255
0,254
0,253
0,252
0,251
0,250
0,249
0,248
0,247
0,246
0,245
0,244
0,242
0,241
0,240
0,239
0,238
0,237
0,236
0,235
0,234
0,233
0,232
0,231
0,230
0,229
0,228
0,227
0,226
0,225
0,224
0,223
0,222
0,221
0,220
0,219
0,218
0,217
0,216
0,215
0,214
0,213
0,212
0,211
0,210
0,209
0,208
0,207
0,206
0,205
0,0
0,196
0,195
0,194
0,62
0,61
0,55
0,54
0,51
0,50
0,49
0,48
0,314
0,47
0,45
23,34
23,33
23,32
23,31
23,30
23,29
23,28
23,27
23,26
23,25
23,24
23,23
23,22
23,21
23,20
23,19
23,18
23,17
23,16
23,15
23,14
23,13
23,12
23,11
23,10
23,9
23,8
23,7
23,6
23,5
23,4
23,3
0,6
0,204
0,46
0,203
0,310
0,202
0,201
0,309
0,308
0,306
0,200
0,199
0,305
0,304
0,303
0,300
111,4
111,3
111,2
0,298
111,1
111,0
0,296
0,295
110,3
110,2
110,1
110,0
0,293
0,57
0,56
0,288
14,3
0,286
0,53
0,52
0,281
109,4
109,3
109,2
109,1
109,0
0,277
13,3
108,3
108,2
108,1
108,0
107,5
107,4
107,3
107,2
107,1
107,0
106,4
0,463
106,3
106,2
106,1
106,0
0,420
105,4
105,3
